{
 "cells": [
  {
   "cell_type": "code",
   "execution_count": 1,
   "metadata": {},
   "outputs": [
    {
     "name": "stderr",
     "output_type": "stream",
     "text": [
      "Using TensorFlow backend.\n"
     ]
    }
   ],
   "source": [
    "import keras\n",
    "import tensorflow as tf\n",
    "from tensorflow.python.ops import math_ops\n",
    "import numpy as np\n",
    "from keras.layers.core import Dense\n",
    "from keras.layers import Input\n",
    "from keras.models import Model\n",
    "from keras.callbacks import ModelCheckpoint\n",
    "from keras import backend as K\n",
    "import h5py\n",
    "import time\n",
    "import matplotlib.pyplot as plt\n",
    "from keras.constraints import max_norm\n",
    "from scipy.linalg import orth\n",
    "from scipy.linalg import block_diag\n",
    "import math\n",
    "import seaborn as sns\n",
    "from keras import initializers"
   ]
  },
  {
   "cell_type": "code",
   "execution_count": 2,
   "metadata": {},
   "outputs": [],
   "source": [
    "def dotproduct(v1, v2):\n",
    "  return sum((a*b) for a, b in zip(v1, v2))\n",
    "\n",
    "def length(v):\n",
    "  return math.sqrt(dotproduct(v, v))\n",
    "\n",
    "def angle(v1, v2):\n",
    "  return math.acos(dotproduct(v1, v2) / (length(v1) * length(v2)))"
   ]
  },
  {
   "cell_type": "code",
   "execution_count": null,
   "metadata": {},
   "outputs": [],
   "source": [
    "class "
   ]
  },
  {
   "cell_type": "code",
   "execution_count": 18,
   "metadata": {
    "scrolled": false
   },
   "outputs": [
    {
     "name": "stdout",
     "output_type": "stream",
     "text": [
      "[[-3.17916533  3.68240508  3.2511166  -2.56409886 -2.79106846  3.77361745\n",
      "   2.66127833  3.04859542 -0.03216642 -1.73546634]\n",
      " [ 4.10049901 -1.77311691 -1.70732408 -1.8133504  -0.03578216 -0.23445428\n",
      "  -0.43419531  1.27142524 -3.2606643   3.2925381 ]\n",
      " [ 4.07804688  1.33554531 -1.63777078  3.8980866   1.30461009  4.5579397\n",
      "  -2.13159471  4.83567928 -2.99925117 -1.33307075]\n",
      " [ 1.69053965  4.61027987 -2.05760907 -1.17324883 -4.78409982  2.35223077\n",
      "   4.88535787  1.73465591  2.90716259 -2.25124367]\n",
      " [-2.29674723 -3.79265283  0.18932537 -2.01889655 -1.27995147 -4.19498806\n",
      "   2.50577052 -1.60535759 -2.84463132 -1.34285729]\n",
      " [-0.68071877 -0.90537912  3.25966257 -4.6776728  -0.24450667 -3.38803482\n",
      "  -2.94468347 -1.44937028 -4.73856891  1.76841068]\n",
      " [-2.25013954  4.17591886  2.91191867 -4.45751698 -0.35003621 -2.69363472\n",
      "   4.999455    2.69079408 -0.11131201  4.97729166]\n",
      " [-3.76800201  4.99154032  3.91333046  3.03191206 -1.77454494 -3.53160383\n",
      "  -3.59494046  1.82448634 -2.18924655  2.50331761]\n",
      " [ 4.84067547 -4.07276468  4.89625313 -3.91073453  3.95163694  3.88148793\n",
      "   4.78052186 -2.77514404 -3.47247524  0.16123203]\n",
      " [-2.85604299  2.03948246  3.30887127  1.06881482  3.15305615 -2.28018912\n",
      "  -4.35820277 -4.28965449 -3.2528324   3.03113456]]\n"
     ]
    }
   ],
   "source": [
    "n = 10 #This is the size of the matrix and consequently the number of neurons in each layer in the NN created\n",
    "Gamma = 0\n",
    "orthonormal_vectors = 10*(np.random.rand(n,n) - 0.5)\n",
    "#orthonormal_vectors = orth(orthonormal_vectors) + Gamma*np.random.randn(n,n)\n",
    "#orthonormal_vectors = np.array([[10,0],[17.32,10]])\n",
    "#W = np.array([[0.20774353,1.0305219],[-1.2163291,-0.1880631]])\n",
    "#orthonormal_vectors = np.matmul(W,orthonormal_vectors)\n",
    "print(orthonormal_vectors)"
   ]
  },
  {
   "cell_type": "code",
   "execution_count": 19,
   "metadata": {
    "scrolled": true
   },
   "outputs": [],
   "source": [
    "#Block Diag\n",
    "#Component_matrices = np.zeros([n/2,2,2])\n",
    "#for i in range(0,n/2):\n",
    " #   Component_matrices[i]  = np.random.randn(2,2)\n",
    "A = 10*np.random.randn(n,n)"
   ]
  },
  {
   "cell_type": "code",
   "execution_count": 20,
   "metadata": {
    "scrolled": true
   },
   "outputs": [],
   "source": [
    "#A = np.zeros([n,n])\n",
    "#for j in range(0,n/2):\n",
    "#    A[2*j:2*j+2,2*j:2*j+2] = Component_matrices[j]"
   ]
  },
  {
   "cell_type": "code",
   "execution_count": 21,
   "metadata": {},
   "outputs": [
    {
     "name": "stdout",
     "output_type": "stream",
     "text": [
      "[[-10.69237598  10.99175927  15.26522398  -1.56671538  26.30027402\n",
      "   -9.16001242  -4.23826764  -6.26665082 -10.21539498   9.06356063]\n",
      " [ -2.45694827  -2.68993896   9.81740685   1.12627534  -5.38037206\n",
      "   -6.77213385 -12.87391737   7.08842415   2.45356164   3.46312275]\n",
      " [  5.08574877   6.03242302  -2.63596482  -6.26573065 -15.49435486\n",
      "    4.98904671  20.6742319    1.06593458  -2.74573267   1.62653538]\n",
      " [  3.14537304  -1.11292304 -16.52722358  -4.04173932  22.76181682\n",
      "   -2.07586542   0.5937795   12.53052225  -1.84016634  -2.43696643]\n",
      " [-12.73965316 -11.60547857  19.63078436  -6.13975212  -6.16027845\n",
      "  -19.6672372    6.95969458 -18.66077712  18.88236699  -8.20307412]\n",
      " [  2.23423804  -7.09302417 -18.07426162   3.5256098  -10.84066967\n",
      "   -0.53499877 -12.22243628   5.97297275  -3.15055824   3.19614208]\n",
      " [ -3.50949602 -11.09412348   2.12436641  -0.02767363   9.21851792\n",
      "    4.48619174   9.15907593   4.72205484 -18.5222391    9.28992327]\n",
      " [ -4.34668038  -1.56652986  -1.35031646   3.24544416  14.68334806\n",
      "    1.24403602   1.00725344   3.67198704   8.23540946 -23.23974852]\n",
      " [ -0.6109475    6.46534334   9.92565021 -10.86639266  -1.81244907\n",
      "   13.83623999 -14.18412523 -10.12904009  -9.27990113  13.24255577]\n",
      " [ 21.8968515    1.52876831 -16.40878267 -11.09399655  -0.85722234\n",
      "   -2.94607212   1.19652233  -1.73725903   1.33264993  10.11787091]]\n"
     ]
    }
   ],
   "source": [
    "print(A)"
   ]
  },
  {
   "cell_type": "code",
   "execution_count": 22,
   "metadata": {
    "scrolled": true
   },
   "outputs": [
    {
     "name": "stdout",
     "output_type": "stream",
     "text": [
      "[[ 0.00415109  0.02440876 -0.01282201 -0.05708011 -0.01999439 -0.01775544\n",
      "   0.0226252   0.04248664 -0.01600824  0.06340413]\n",
      " [ 0.02989131 -0.00087306  0.02937808 -0.00228067 -0.01478904  0.00712296\n",
      "  -0.03569492  0.00145415 -0.00233042 -0.006826  ]\n",
      " [-0.00176044  0.03663426 -0.00254149 -0.0251399  -0.00619529 -0.03169101\n",
      "   0.01650065  0.01725016 -0.00022411  0.01314424]\n",
      " [-0.0092558  -0.03234829 -0.05327794 -0.03206037 -0.02586001 -0.02672154\n",
      "  -0.00487617 -0.03538081 -0.04325049 -0.01250022]\n",
      " [-0.00632508 -0.01602377 -0.02960889  0.02099262 -0.00219772 -0.0294626\n",
      "   0.00109407 -0.01394391 -0.00198271 -0.00194544]\n",
      " [-0.04946123 -0.02983436 -0.03100988  0.03076345 -0.00961476 -0.0470495\n",
      "  -0.00722085 -0.03599014  0.02375681 -0.03314849]\n",
      " [-0.0100558  -0.01952747  0.00745199  0.01326137  0.00274291 -0.02536093\n",
      "   0.00374759 -0.02432025 -0.01540956 -0.01121064]\n",
      " [-0.01560621  0.04826768  0.01803641  0.03769787 -0.00911459 -0.01888832\n",
      "  -0.00228109 -0.01155514 -0.00328135 -0.01793551]\n",
      " [-0.06049383 -0.02490144 -0.05036686  0.07064161  0.00816323 -0.07307064\n",
      "  -0.04452785 -0.08871291 -0.00151911 -0.04336681]\n",
      " [-0.03496432 -0.02491782 -0.04191777  0.05428792  0.00115345 -0.05016068\n",
      "  -0.01913785 -0.10207097 -0.00458139 -0.03559935]]\n"
     ]
    }
   ],
   "source": [
    "print(np.linalg.inv(A))"
   ]
  },
  {
   "cell_type": "code",
   "execution_count": 23,
   "metadata": {},
   "outputs": [
    {
     "name": "stdout",
     "output_type": "stream",
     "text": [
      "[-0.31060269  0.09209162 -0.96836946 -0.9549842  -1.69902575 -1.05359004\n",
      " -1.28181296 -0.57087599  1.95689342 -0.62216282]\n"
     ]
    }
   ],
   "source": [
    "x_train = np.matmul(np.linalg.inv(A),orthonormal_vectors)\n",
    "x_validate = np.random.randn(n)\n",
    "print(x_validate)"
   ]
  },
  {
   "cell_type": "code",
   "execution_count": 24,
   "metadata": {
    "scrolled": true
   },
   "outputs": [],
   "source": [
    "x_train = np.transpose(x_train)\n",
    "#K = np.matmul(A,W)"
   ]
  },
  {
   "cell_type": "code",
   "execution_count": 25,
   "metadata": {},
   "outputs": [],
   "source": [
    "#Get test data\n",
    "y_train = orthonormal_vectors\n",
    "y_train = np.transpose(y_train)\n",
    "y_validate = np.reshape(np.matmul(A,x_validate),(1,n))\n",
    "x_validate = np.reshape(x_validate,(1,n))"
   ]
  },
  {
   "cell_type": "code",
   "execution_count": 26,
   "metadata": {},
   "outputs": [],
   "source": [
    "def my_init(shape, dtype=None):\n",
    "    val = np.array([[0.20774353,-1.21613291],[1.0305219,-0.1880631]])\n",
    "    return K.variable(val)"
   ]
  },
  {
   "cell_type": "code",
   "execution_count": 27,
   "metadata": {},
   "outputs": [
    {
     "name": "stdout",
     "output_type": "stream",
     "text": [
      "[[ 0.00415109  0.02440876 -0.01282201 -0.05708011 -0.01999439 -0.01775544\n",
      "   0.0226252   0.04248664 -0.01600824  0.06340413]\n",
      " [ 0.02989131 -0.00087306  0.02937808 -0.00228067 -0.01478904  0.00712296\n",
      "  -0.03569492  0.00145415 -0.00233042 -0.006826  ]\n",
      " [-0.00176044  0.03663426 -0.00254149 -0.0251399  -0.00619529 -0.03169101\n",
      "   0.01650065  0.01725016 -0.00022411  0.01314424]\n",
      " [-0.0092558  -0.03234829 -0.05327794 -0.03206037 -0.02586001 -0.02672154\n",
      "  -0.00487617 -0.03538081 -0.04325049 -0.01250022]\n",
      " [-0.00632508 -0.01602377 -0.02960889  0.02099262 -0.00219772 -0.0294626\n",
      "   0.00109407 -0.01394391 -0.00198271 -0.00194544]\n",
      " [-0.04946123 -0.02983436 -0.03100988  0.03076345 -0.00961476 -0.0470495\n",
      "  -0.00722085 -0.03599014  0.02375681 -0.03314849]\n",
      " [-0.0100558  -0.01952747  0.00745199  0.01326137  0.00274291 -0.02536093\n",
      "   0.00374759 -0.02432025 -0.01540956 -0.01121064]\n",
      " [-0.01560621  0.04826768  0.01803641  0.03769787 -0.00911459 -0.01888832\n",
      "  -0.00228109 -0.01155514 -0.00328135 -0.01793551]\n",
      " [-0.06049383 -0.02490144 -0.05036686  0.07064161  0.00816323 -0.07307064\n",
      "  -0.04452785 -0.08871291 -0.00151911 -0.04336681]\n",
      " [-0.03496432 -0.02491782 -0.04191777  0.05428792  0.00115345 -0.05016068\n",
      "  -0.01913785 -0.10207097 -0.00458139 -0.03559935]]\n"
     ]
    }
   ],
   "source": [
    "print(np.linalg.inv(A))"
   ]
  },
  {
   "cell_type": "code",
   "execution_count": 28,
   "metadata": {
    "scrolled": true
   },
   "outputs": [
    {
     "data": {
      "text/plain": [
       "(1, 10)"
      ]
     },
     "execution_count": 28,
     "metadata": {},
     "output_type": "execute_result"
    }
   ],
   "source": [
    "np.shape(y_validate)"
   ]
  },
  {
   "cell_type": "code",
   "execution_count": 29,
   "metadata": {},
   "outputs": [],
   "source": [
    "def RegularizationLoss(Lambda):\n",
    "    def loss(y_true,y_pred) :\n",
    "        return(K.mean(K.square(y_pred - y_true) + Lambda*(tf.linalg.det(model.get_weights()) + 1)))\n",
    "    return loss"
   ]
  },
  {
   "cell_type": "code",
   "execution_count": 30,
   "metadata": {},
   "outputs": [],
   "source": [
    "def threshold_binary_accuracy(y_true, y_pred, threshold = 0.1):\n",
    "  threshold = math_ops.cast(threshold, y_pred.dtype)\n",
    "  y_pred = math_ops.cast(y_pred > threshold, y_pred.dtype)\n",
    "  return K.mean(math_ops.equal(y_true, y_pred), axis=-1)"
   ]
  },
  {
   "cell_type": "code",
   "execution_count": 16,
   "metadata": {},
   "outputs": [],
   "source": [
    "#fig2 = plt.figure()\n",
    "#ax = fig.add_subplot(111)\n",
    "#fig2.show()"
   ]
  },
  {
   "cell_type": "code",
   "execution_count": 31,
   "metadata": {
    "scrolled": true
   },
   "outputs": [
    {
     "name": "stdout",
     "output_type": "stream",
     "text": [
      "_________________________________________________________________\n",
      "Layer (type)                 Output Shape              Param #   \n",
      "=================================================================\n",
      "input_2 (InputLayer)         (None, 10)                0         \n",
      "_________________________________________________________________\n",
      "dense_2 (Dense)              (None, 10)                100       \n",
      "_________________________________________________________________\n",
      "dense_3 (Dense)              (None, 10)                100       \n",
      "=================================================================\n",
      "Total params: 200\n",
      "Trainable params: 200\n",
      "Non-trainable params: 0\n",
      "_________________________________________________________________\n",
      "Train on 10 samples, validate on 1 samples\n",
      "Epoch 1/50000\n"
     ]
    },
    {
     "name": "stderr",
     "output_type": "stream",
     "text": [
      "/home/gultu/.local/lib/python2.7/site-packages/ipykernel_launcher.py:19: UserWarning: The `nb_epoch` argument in `fit` has been renamed `epochs`.\n"
     ]
    },
    {
     "name": "stdout",
     "output_type": "stream",
     "text": [
      " - 0s - loss: 12.1268 - acc: 0.0000e+00 - val_loss: 1952.5590 - val_acc: 0.0000e+00\n",
      "Epoch 2/50000\n",
      " - 0s - loss: 11.9765 - acc: 0.0000e+00 - val_loss: 1916.6283 - val_acc: 0.0000e+00\n",
      "Epoch 3/50000\n",
      " - 0s - loss: 11.8051 - acc: 0.0000e+00 - val_loss: 1880.4164 - val_acc: 0.0000e+00\n",
      "Epoch 4/50000\n",
      " - 0s - loss: 11.6260 - acc: 0.0000e+00 - val_loss: 1844.3486 - val_acc: 0.0000e+00\n",
      "Epoch 5/50000\n",
      " - 0s - loss: 11.4437 - acc: 0.0000e+00 - val_loss: 1808.5560 - val_acc: 0.0000e+00\n",
      "Epoch 6/50000\n",
      " - 0s - loss: 11.2607 - acc: 0.0000e+00 - val_loss: 1773.1667 - val_acc: 0.0000e+00\n",
      "Epoch 7/50000\n",
      " - 0s - loss: 11.0780 - acc: 0.0000e+00 - val_loss: 1738.2786 - val_acc: 0.0000e+00\n",
      "Epoch 8/50000\n",
      " - 0s - loss: 10.8966 - acc: 0.0000e+00 - val_loss: 1703.9557 - val_acc: 0.0000e+00\n",
      "Epoch 9/50000\n",
      " - 0s - loss: 10.7168 - acc: 0.0000e+00 - val_loss: 1670.2340 - val_acc: 0.0000e+00\n",
      "Epoch 10/50000\n",
      " - 0s - loss: 10.5390 - acc: 0.0000e+00 - val_loss: 1637.1311 - val_acc: 0.0000e+00\n",
      "Epoch 11/50000\n",
      " - 0s - loss: 10.3635 - acc: 0.0000e+00 - val_loss: 1604.6099 - val_acc: 0.0000e+00\n",
      "Epoch 12/50000\n",
      " - 0s - loss: 10.1902 - acc: 0.0000e+00 - val_loss: 1572.7740 - val_acc: 0.0000e+00\n",
      "Epoch 13/50000\n",
      " - 0s - loss: 10.0197 - acc: 0.0000e+00 - val_loss: 1541.5857 - val_acc: 0.0000e+00\n",
      "Epoch 14/50000\n",
      " - 0s - loss: 9.8517 - acc: 0.0000e+00 - val_loss: 1511.2028 - val_acc: 0.0000e+00\n",
      "Epoch 15/50000\n",
      " - 0s - loss: 9.6873 - acc: 0.0000e+00 - val_loss: 1481.3197 - val_acc: 0.0000e+00\n",
      "Epoch 16/50000\n",
      " - 0s - loss: 9.5247 - acc: 0.0000e+00 - val_loss: 1452.0837 - val_acc: 0.0000e+00\n",
      "Epoch 17/50000\n",
      " - 0s - loss: 9.3649 - acc: 0.0000e+00 - val_loss: 1423.7200 - val_acc: 0.0000e+00\n",
      "Epoch 18/50000\n",
      " - 0s - loss: 9.2091 - acc: 0.0000e+00 - val_loss: 1395.7190 - val_acc: 0.0000e+00\n",
      "Epoch 19/50000\n",
      " - 0s - loss: 9.0547 - acc: 0.0000e+00 - val_loss: 1368.5648 - val_acc: 0.0000e+00\n",
      "Epoch 20/50000\n",
      " - 0s - loss: 8.9046 - acc: 0.0000e+00 - val_loss: 1341.6859 - val_acc: 0.0000e+00\n",
      "Epoch 21/50000\n",
      " - 0s - loss: 8.7556 - acc: 0.0000e+00 - val_loss: 1315.6063 - val_acc: 0.0000e+00\n",
      "Epoch 22/50000\n",
      " - 0s - loss: 8.6110 - acc: 0.0000e+00 - val_loss: 1289.7357 - val_acc: 0.0000e+00\n",
      "Epoch 23/50000\n",
      " - 0s - loss: 8.4674 - acc: 0.0000e+00 - val_loss: 1264.6276 - val_acc: 0.0000e+00\n",
      "Epoch 24/50000\n",
      " - 0s - loss: 8.3280 - acc: 0.0000e+00 - val_loss: 1239.7002 - val_acc: 0.0000e+00\n",
      "Epoch 25/50000\n",
      " - 0s - loss: 8.1896 - acc: 0.0000e+00 - val_loss: 1215.2421 - val_acc: 0.0000e+00\n",
      "Epoch 26/50000\n",
      " - 0s - loss: 8.0539 - acc: 0.0000e+00 - val_loss: 1191.2560 - val_acc: 0.0000e+00\n",
      "Epoch 27/50000\n",
      " - 0s - loss: 7.9206 - acc: 0.0000e+00 - val_loss: 1167.7471 - val_acc: 0.0000e+00\n",
      "Epoch 28/50000\n",
      " - 0s - loss: 7.7899 - acc: 0.0000e+00 - val_loss: 1144.7214 - val_acc: 0.0000e+00\n",
      "Epoch 29/50000\n",
      " - 0s - loss: 7.6617 - acc: 0.0000e+00 - val_loss: 1122.1837 - val_acc: 0.0000e+00\n",
      "Epoch 30/50000\n",
      " - 0s - loss: 7.5358 - acc: 0.0000e+00 - val_loss: 1100.3928 - val_acc: 0.0000e+00\n",
      "Epoch 31/50000\n",
      " - 0s - loss: 7.4138 - acc: 0.0000e+00 - val_loss: 1078.8352 - val_acc: 0.0000e+00\n",
      "Epoch 32/50000\n",
      " - 0s - loss: 7.2927 - acc: 0.0000e+00 - val_loss: 1058.0120 - val_acc: 0.0000e+00\n",
      "Epoch 33/50000\n",
      " - 0s - loss: 7.1752 - acc: 0.0000e+00 - val_loss: 1037.4349 - val_acc: 0.0000e+00\n",
      "Epoch 34/50000\n",
      " - 0s - loss: 7.0586 - acc: 0.0000e+00 - val_loss: 1017.3445 - val_acc: 0.0000e+00\n",
      "Epoch 35/50000\n",
      " - 0s - loss: 6.9442 - acc: 0.0000e+00 - val_loss: 997.9520 - val_acc: 0.0000e+00\n",
      "Epoch 36/50000\n",
      " - 0s - loss: 6.8333 - acc: 0.0000e+00 - val_loss: 979.0199 - val_acc: 0.0000e+00\n",
      "Epoch 37/50000\n",
      " - 0s - loss: 6.7243 - acc: 0.0000e+00 - val_loss: 960.3348 - val_acc: 0.0000e+00\n",
      "Epoch 38/50000\n",
      " - 0s - loss: 6.6163 - acc: 0.0000e+00 - val_loss: 942.2972 - val_acc: 0.0000e+00\n",
      "Epoch 39/50000\n",
      " - 0s - loss: 6.5114 - acc: 0.0000e+00 - val_loss: 924.6891 - val_acc: 0.0000e+00\n",
      "Epoch 40/50000\n",
      " - 0s - loss: 6.4084 - acc: 0.0000e+00 - val_loss: 907.3182 - val_acc: 0.0000e+00\n",
      "Epoch 41/50000\n",
      " - 0s - loss: 6.3062 - acc: 0.0000e+00 - val_loss: 890.3656 - val_acc: 0.0000e+00\n",
      "Epoch 42/50000\n",
      " - 0s - loss: 6.2060 - acc: 0.0000e+00 - val_loss: 873.9890 - val_acc: 0.0000e+00\n",
      "Epoch 43/50000\n",
      " - 0s - loss: 6.1086 - acc: 0.0000e+00 - val_loss: 857.9996 - val_acc: 0.0000e+00\n",
      "Epoch 44/50000\n",
      " - 0s - loss: 6.0129 - acc: 0.0000e+00 - val_loss: 842.2322 - val_acc: 0.0000e+00\n",
      "Epoch 45/50000\n",
      " - 0s - loss: 5.9181 - acc: 0.0000e+00 - val_loss: 826.9915 - val_acc: 0.0000e+00\n",
      "Epoch 46/50000\n",
      " - 0s - loss: 5.8259 - acc: 0.0000e+00 - val_loss: 811.9658 - val_acc: 0.0000e+00\n",
      "Epoch 47/50000\n",
      " - 0s - loss: 5.7345 - acc: 0.0000e+00 - val_loss: 797.2974 - val_acc: 0.0000e+00\n",
      "Epoch 48/50000\n",
      " - 0s - loss: 5.6448 - acc: 0.0000e+00 - val_loss: 782.9778 - val_acc: 0.0000e+00\n",
      "Epoch 49/50000\n",
      " - 0s - loss: 5.5567 - acc: 0.0000e+00 - val_loss: 768.9979 - val_acc: 0.0000e+00\n",
      "Epoch 50/50000\n",
      " - 0s - loss: 5.4702 - acc: 0.0000e+00 - val_loss: 755.3491 - val_acc: 0.0000e+00\n",
      "Epoch 51/50000\n",
      " - 0s - loss: 5.3852 - acc: 0.0000e+00 - val_loss: 742.1410 - val_acc: 0.0000e+00\n",
      "Epoch 52/50000\n",
      " - 0s - loss: 5.3026 - acc: 0.0000e+00 - val_loss: 729.1268 - val_acc: 0.0000e+00\n",
      "Epoch 53/50000\n",
      " - 0s - loss: 5.2207 - acc: 0.0000e+00 - val_loss: 716.5280 - val_acc: 0.0000e+00\n",
      "Epoch 54/50000\n",
      " - 0s - loss: 5.1409 - acc: 0.0000e+00 - val_loss: 704.1158 - val_acc: 0.0000e+00\n",
      "Epoch 55/50000\n",
      " - 0s - loss: 5.0619 - acc: 0.0000e+00 - val_loss: 692.0956 - val_acc: 0.0000e+00\n",
      "Epoch 56/50000\n",
      " - 0s - loss: 4.9849 - acc: 0.0000e+00 - val_loss: 680.2557 - val_acc: 0.0000e+00\n",
      "Epoch 57/50000\n",
      " - 0s - loss: 4.9086 - acc: 0.0000e+00 - val_loss: 668.7853 - val_acc: 0.0000e+00\n",
      "Epoch 58/50000\n",
      " - 0s - loss: 4.8343 - acc: 0.0000e+00 - val_loss: 657.4886 - val_acc: 0.0000e+00\n",
      "Epoch 59/50000\n",
      " - 0s - loss: 4.7607 - acc: 0.0000e+00 - val_loss: 646.4541 - val_acc: 0.0000e+00\n",
      "Epoch 60/50000\n",
      " - 0s - loss: 4.6884 - acc: 0.0000e+00 - val_loss: 635.6749 - val_acc: 0.0000e+00\n",
      "Epoch 61/50000\n",
      " - 0s - loss: 4.6173 - acc: 0.0000e+00 - val_loss: 625.1450 - val_acc: 0.0000e+00\n",
      "Epoch 62/50000\n",
      " - 0s - loss: 4.5475 - acc: 0.0000e+00 - val_loss: 614.8577 - val_acc: 0.0000e+00\n",
      "Epoch 63/50000\n",
      " - 0s - loss: 4.4789 - acc: 0.0000e+00 - val_loss: 604.8073 - val_acc: 0.0000e+00\n",
      "Epoch 64/50000\n",
      " - 0s - loss: 4.4114 - acc: 0.0000e+00 - val_loss: 594.9875 - val_acc: 0.0000e+00\n",
      "Epoch 65/50000\n",
      " - 0s - loss: 4.3452 - acc: 0.0000e+00 - val_loss: 585.3927 - val_acc: 0.0000e+00\n",
      "Epoch 66/50000\n",
      " - 0s - loss: 4.2800 - acc: 0.0000e+00 - val_loss: 576.0837 - val_acc: 0.0000e+00\n",
      "Epoch 67/50000\n",
      " - 0s - loss: 4.2165 - acc: 0.0000e+00 - val_loss: 566.9210 - val_acc: 0.0000e+00\n",
      "Epoch 68/50000\n",
      " - 0s - loss: 4.1535 - acc: 0.0000e+00 - val_loss: 557.9671 - val_acc: 0.0000e+00\n",
      "Epoch 69/50000\n",
      " - 0s - loss: 4.0917 - acc: 0.0000e+00 - val_loss: 549.2169 - val_acc: 0.0000e+00\n",
      "Epoch 70/50000\n",
      " - 0s - loss: 4.0309 - acc: 0.0000e+00 - val_loss: 540.6652 - val_acc: 0.0000e+00\n",
      "Epoch 71/50000\n",
      " - 0s - loss: 3.9711 - acc: 0.0000e+00 - val_loss: 532.3073 - val_acc: 0.0000e+00\n",
      "Epoch 72/50000\n",
      " - 0s - loss: 3.9123 - acc: 0.0000e+00 - val_loss: 524.1920 - val_acc: 0.0000e+00\n",
      "Epoch 73/50000\n",
      " - 0s - loss: 3.8549 - acc: 0.0000e+00 - val_loss: 516.2070 - val_acc: 0.0000e+00\n",
      "Epoch 74/50000\n",
      " - 0s - loss: 3.7980 - acc: 0.0000e+00 - val_loss: 508.4023 - val_acc: 0.0000e+00\n",
      "Epoch 75/50000\n",
      " - 0s - loss: 3.7422 - acc: 0.0000e+00 - val_loss: 500.7738 - val_acc: 0.0000e+00\n",
      "Epoch 76/50000\n",
      " - 0s - loss: 3.6872 - acc: 0.0000e+00 - val_loss: 493.3170 - val_acc: 0.0000e+00\n",
      "Epoch 77/50000\n",
      " - 0s - loss: 3.6332 - acc: 0.0000e+00 - val_loss: 486.0729 - val_acc: 0.0000e+00\n",
      "Epoch 78/50000\n",
      " - 0s - loss: 3.5803 - acc: 0.0000e+00 - val_loss: 478.9477 - val_acc: 0.0000e+00\n",
      "Epoch 79/50000\n",
      " - 0s - loss: 3.5281 - acc: 0.0000e+00 - val_loss: 471.9831 - val_acc: 0.0000e+00\n",
      "Epoch 80/50000\n",
      " - 0s - loss: 3.4767 - acc: 0.0000e+00 - val_loss: 465.2152 - val_acc: 0.0000e+00\n",
      "Epoch 81/50000\n",
      " - 0s - loss: 3.4264 - acc: 0.0000e+00 - val_loss: 458.5602 - val_acc: 0.0000e+00\n",
      "Epoch 82/50000\n",
      " - 0s - loss: 3.3766 - acc: 0.0000e+00 - val_loss: 452.0554 - val_acc: 0.0000e+00\n",
      "Epoch 83/50000\n",
      " - 0s - loss: 3.3277 - acc: 0.0000e+00 - val_loss: 445.6976 - val_acc: 0.0000e+00\n",
      "Epoch 84/50000\n",
      " - 0s - loss: 3.2796 - acc: 0.0000e+00 - val_loss: 439.4837 - val_acc: 0.0000e+00\n",
      "Epoch 85/50000\n",
      " - 0s - loss: 3.2322 - acc: 0.0000e+00 - val_loss: 433.4106 - val_acc: 0.0000e+00\n"
     ]
    },
    {
     "name": "stdout",
     "output_type": "stream",
     "text": [
      "Epoch 86/50000\n",
      " - 0s - loss: 3.1857 - acc: 0.0000e+00 - val_loss: 427.4756 - val_acc: 0.0000e+00\n",
      "Epoch 87/50000\n",
      " - 0s - loss: 3.1399 - acc: 0.0000e+00 - val_loss: 421.6757 - val_acc: 0.0000e+00\n",
      "Epoch 88/50000\n",
      " - 0s - loss: 3.0948 - acc: 0.0000e+00 - val_loss: 416.0080 - val_acc: 0.0000e+00\n",
      "Epoch 89/50000\n",
      " - 0s - loss: 3.0504 - acc: 0.0000e+00 - val_loss: 410.4702 - val_acc: 0.0000e+00\n",
      "Epoch 90/50000\n",
      " - 0s - loss: 3.0068 - acc: 0.0000e+00 - val_loss: 405.0595 - val_acc: 0.0000e+00\n",
      "Epoch 91/50000\n",
      " - 0s - loss: 2.9639 - acc: 0.0000e+00 - val_loss: 399.7735 - val_acc: 0.0000e+00\n",
      "Epoch 92/50000\n",
      " - 0s - loss: 2.9216 - acc: 0.0000e+00 - val_loss: 394.6095 - val_acc: 0.0000e+00\n",
      "Epoch 93/50000\n",
      " - 0s - loss: 2.8801 - acc: 0.0000e+00 - val_loss: 389.5651 - val_acc: 0.0000e+00\n",
      "Epoch 94/50000\n",
      " - 0s - loss: 2.8392 - acc: 0.0000e+00 - val_loss: 384.6382 - val_acc: 0.0000e+00\n",
      "Epoch 95/50000\n",
      " - 0s - loss: 2.7989 - acc: 0.0000e+00 - val_loss: 379.8261 - val_acc: 0.0000e+00\n",
      "Epoch 96/50000\n",
      " - 0s - loss: 2.7593 - acc: 0.0000e+00 - val_loss: 375.1267 - val_acc: 0.0000e+00\n",
      "Epoch 97/50000\n",
      " - 0s - loss: 2.7203 - acc: 0.0000e+00 - val_loss: 370.5378 - val_acc: 0.0000e+00\n",
      "Epoch 98/50000\n",
      " - 0s - loss: 2.6820 - acc: 0.0000e+00 - val_loss: 366.0569 - val_acc: 0.0000e+00\n",
      "Epoch 99/50000\n",
      " - 0s - loss: 2.6442 - acc: 0.0000e+00 - val_loss: 361.6821 - val_acc: 0.0000e+00\n",
      "Epoch 100/50000\n",
      " - 0s - loss: 2.6071 - acc: 0.0000e+00 - val_loss: 357.4310 - val_acc: 0.0000e+00\n",
      "Epoch 101/50000\n",
      " - 0s - loss: 2.5707 - acc: 0.0000e+00 - val_loss: 353.2610 - val_acc: 0.0000e+00\n",
      "Epoch 102/50000\n",
      " - 0s - loss: 2.5347 - acc: 0.0000e+00 - val_loss: 349.1906 - val_acc: 0.0000e+00\n",
      "Epoch 103/50000\n",
      " - 0s - loss: 2.4993 - acc: 0.0000e+00 - val_loss: 345.2174 - val_acc: 0.0000e+00\n",
      "Epoch 104/50000\n",
      " - 0s - loss: 2.4645 - acc: 0.0000e+00 - val_loss: 341.3395 - val_acc: 0.0000e+00\n",
      "Epoch 105/50000\n",
      " - 0s - loss: 2.4301 - acc: 0.0000e+00 - val_loss: 337.5715 - val_acc: 0.0000e+00\n",
      "Epoch 106/50000\n",
      " - 0s - loss: 2.3965 - acc: 0.0000e+00 - val_loss: 333.8774 - val_acc: 0.0000e+00\n",
      "Epoch 107/50000\n",
      " - 0s - loss: 2.3633 - acc: 0.0000e+00 - val_loss: 330.2879 - val_acc: 0.0000e+00\n",
      "Epoch 108/50000\n",
      " - 0s - loss: 2.3307 - acc: 0.0000e+00 - val_loss: 326.7845 - val_acc: 0.0000e+00\n",
      "Epoch 109/50000\n",
      " - 0s - loss: 2.2986 - acc: 0.0000e+00 - val_loss: 323.3506 - val_acc: 0.0000e+00\n",
      "Epoch 110/50000\n",
      " - 0s - loss: 2.2669 - acc: 0.0000e+00 - val_loss: 319.9995 - val_acc: 0.0000e+00\n",
      "Epoch 111/50000\n",
      " - 0s - loss: 2.2357 - acc: 0.0000e+00 - val_loss: 316.7294 - val_acc: 0.0000e+00\n",
      "Epoch 112/50000\n",
      " - 0s - loss: 2.2050 - acc: 0.0000e+00 - val_loss: 313.5383 - val_acc: 0.0000e+00\n",
      "Epoch 113/50000\n",
      " - 0s - loss: 2.1748 - acc: 0.0000e+00 - val_loss: 310.4242 - val_acc: 0.0000e+00\n",
      "Epoch 114/50000\n",
      " - 0s - loss: 2.1450 - acc: 0.0000e+00 - val_loss: 307.3851 - val_acc: 0.0000e+00\n",
      "Epoch 115/50000\n",
      " - 0s - loss: 2.1157 - acc: 0.0000e+00 - val_loss: 304.4193 - val_acc: 0.0000e+00\n",
      "Epoch 116/50000\n",
      " - 0s - loss: 2.0868 - acc: 0.0000e+00 - val_loss: 301.5248 - val_acc: 0.0000e+00\n",
      "Epoch 117/50000\n",
      " - 0s - loss: 2.0584 - acc: 0.0000e+00 - val_loss: 298.6997 - val_acc: 0.0000e+00\n",
      "Epoch 118/50000\n",
      " - 0s - loss: 2.0304 - acc: 0.0000e+00 - val_loss: 295.9424 - val_acc: 0.0000e+00\n",
      "Epoch 119/50000\n",
      " - 0s - loss: 2.0029 - acc: 0.0000e+00 - val_loss: 293.2508 - val_acc: 0.0000e+00\n",
      "Epoch 120/50000\n",
      " - 0s - loss: 1.9758 - acc: 0.0000e+00 - val_loss: 290.6235 - val_acc: 0.0000e+00\n",
      "Epoch 121/50000\n",
      " - 0s - loss: 1.9491 - acc: 0.0000e+00 - val_loss: 288.0585 - val_acc: 0.0000e+00\n",
      "Epoch 122/50000\n",
      " - 0s - loss: 1.9228 - acc: 0.0000e+00 - val_loss: 285.5540 - val_acc: 0.0000e+00\n",
      "Epoch 123/50000\n",
      " - 0s - loss: 1.8969 - acc: 0.0000e+00 - val_loss: 283.1088 - val_acc: 0.0000e+00\n",
      "Epoch 124/50000\n",
      " - 0s - loss: 1.8714 - acc: 0.0000e+00 - val_loss: 280.7209 - val_acc: 0.0000e+00\n",
      "Epoch 125/50000\n",
      " - 0s - loss: 1.8463 - acc: 0.0000e+00 - val_loss: 278.3888 - val_acc: 0.0000e+00\n",
      "Epoch 126/50000\n",
      " - 0s - loss: 1.8216 - acc: 0.0000e+00 - val_loss: 276.1110 - val_acc: 0.0000e+00\n",
      "Epoch 127/50000\n",
      " - 0s - loss: 1.7973 - acc: 0.0000e+00 - val_loss: 273.8858 - val_acc: 0.0000e+00\n",
      "Epoch 128/50000\n",
      " - 0s - loss: 1.7733 - acc: 0.0000e+00 - val_loss: 271.7119 - val_acc: 0.0000e+00\n",
      "Epoch 129/50000\n",
      " - 0s - loss: 1.7497 - acc: 0.0000e+00 - val_loss: 269.5876 - val_acc: 0.0000e+00\n",
      "Epoch 130/50000\n",
      " - 0s - loss: 1.7265 - acc: 0.0000e+00 - val_loss: 267.5117 - val_acc: 0.0000e+00\n",
      "Epoch 131/50000\n",
      " - 0s - loss: 1.7036 - acc: 0.0000e+00 - val_loss: 265.4827 - val_acc: 0.0000e+00\n",
      "Epoch 132/50000\n",
      " - 0s - loss: 1.6811 - acc: 0.0000e+00 - val_loss: 263.4992 - val_acc: 0.0000e+00\n",
      "Epoch 133/50000\n",
      " - 0s - loss: 1.6589 - acc: 0.0000e+00 - val_loss: 261.5599 - val_acc: 0.0000e+00\n",
      "Epoch 134/50000\n",
      " - 0s - loss: 1.6370 - acc: 0.0000e+00 - val_loss: 259.6637 - val_acc: 0.0000e+00\n",
      "Epoch 135/50000\n",
      " - 0s - loss: 1.6155 - acc: 0.0000e+00 - val_loss: 257.8153 - val_acc: 0.0000e+00\n",
      "Epoch 136/50000\n",
      " - 0s - loss: 1.5944 - acc: 0.0000e+00 - val_loss: 256.0010 - val_acc: 0.0000e+00\n",
      "Epoch 137/50000\n",
      " - 0s - loss: 1.5735 - acc: 0.0000e+00 - val_loss: 254.2257 - val_acc: 0.0000e+00\n",
      "Epoch 138/50000\n",
      " - 0s - loss: 1.5530 - acc: 0.0000e+00 - val_loss: 252.4885 - val_acc: 0.0000e+00\n",
      "Epoch 139/50000\n",
      " - 0s - loss: 1.5327 - acc: 0.0000e+00 - val_loss: 250.7938 - val_acc: 0.0000e+00\n",
      "Epoch 140/50000\n",
      " - 0s - loss: 1.5128 - acc: 0.0000e+00 - val_loss: 249.1290 - val_acc: 0.0000e+00\n",
      "Epoch 141/50000\n",
      " - 0s - loss: 1.4932 - acc: 0.0000e+00 - val_loss: 247.4989 - val_acc: 0.0000e+00\n",
      "Epoch 142/50000\n",
      " - 0s - loss: 1.4739 - acc: 0.0000e+00 - val_loss: 245.9023 - val_acc: 0.0000e+00\n",
      "Epoch 143/50000\n",
      " - 0s - loss: 1.4548 - acc: 0.0000e+00 - val_loss: 244.3383 - val_acc: 0.0000e+00\n",
      "Epoch 144/50000\n",
      " - 0s - loss: 1.4360 - acc: 0.0000e+00 - val_loss: 242.8057 - val_acc: 0.0000e+00\n",
      "Epoch 145/50000\n",
      " - 0s - loss: 1.4176 - acc: 0.0000e+00 - val_loss: 241.3036 - val_acc: 0.0000e+00\n",
      "Epoch 146/50000\n",
      " - 0s - loss: 1.3993 - acc: 0.0000e+00 - val_loss: 239.8310 - val_acc: 0.0000e+00\n",
      "Epoch 147/50000\n",
      " - 0s - loss: 1.3814 - acc: 0.0000e+00 - val_loss: 238.3869 - val_acc: 0.0000e+00\n",
      "Epoch 148/50000\n",
      " - 0s - loss: 1.3638 - acc: 0.0000e+00 - val_loss: 236.9704 - val_acc: 0.0000e+00\n",
      "Epoch 149/50000\n",
      " - 0s - loss: 1.3464 - acc: 0.0000e+00 - val_loss: 235.5848 - val_acc: 0.0000e+00\n",
      "Epoch 150/50000\n",
      " - 0s - loss: 1.3293 - acc: 0.0000e+00 - val_loss: 234.2207 - val_acc: 0.0000e+00\n",
      "Epoch 151/50000\n",
      " - 0s - loss: 1.3124 - acc: 0.0000e+00 - val_loss: 232.8816 - val_acc: 0.0000e+00\n",
      "Epoch 152/50000\n",
      " - 0s - loss: 1.2958 - acc: 0.0000e+00 - val_loss: 231.5664 - val_acc: 0.0000e+00\n",
      "Epoch 153/50000\n",
      " - 0s - loss: 1.2794 - acc: 0.0000e+00 - val_loss: 230.2745 - val_acc: 0.0000e+00\n",
      "Epoch 154/50000\n",
      " - 0s - loss: 1.2632 - acc: 0.0000e+00 - val_loss: 229.0086 - val_acc: 0.0000e+00\n",
      "Epoch 155/50000\n",
      " - 0s - loss: 1.2474 - acc: 0.0000e+00 - val_loss: 227.7605 - val_acc: 0.0000e+00\n",
      "Epoch 156/50000\n",
      " - 0s - loss: 1.2317 - acc: 0.0000e+00 - val_loss: 226.5369 - val_acc: 0.0000e+00\n",
      "Epoch 157/50000\n",
      " - 0s - loss: 1.2164 - acc: 0.0000e+00 - val_loss: 225.3295 - val_acc: 0.0000e+00\n",
      "Epoch 158/50000\n",
      " - 0s - loss: 1.2012 - acc: 0.0000e+00 - val_loss: 224.1415 - val_acc: 0.0000e+00\n",
      "Epoch 159/50000\n",
      " - 0s - loss: 1.1862 - acc: 0.0000e+00 - val_loss: 222.9754 - val_acc: 0.0000e+00\n",
      "Epoch 160/50000\n",
      " - 0s - loss: 1.1715 - acc: 0.0000e+00 - val_loss: 221.8236 - val_acc: 0.0000e+00\n",
      "Epoch 161/50000\n",
      " - 0s - loss: 1.1570 - acc: 0.0000e+00 - val_loss: 220.6890 - val_acc: 0.0000e+00\n",
      "Epoch 162/50000\n",
      " - 0s - loss: 1.1427 - acc: 0.0000e+00 - val_loss: 219.5708 - val_acc: 0.0000e+00\n",
      "Epoch 163/50000\n",
      " - 0s - loss: 1.1286 - acc: 0.0000e+00 - val_loss: 218.4684 - val_acc: 0.0000e+00\n",
      "Epoch 164/50000\n",
      " - 0s - loss: 1.1147 - acc: 0.0000e+00 - val_loss: 217.3811 - val_acc: 0.0000e+00\n",
      "Epoch 165/50000\n",
      " - 0s - loss: 1.1010 - acc: 0.0000e+00 - val_loss: 216.3083 - val_acc: 0.0000e+00\n",
      "Epoch 166/50000\n",
      " - 0s - loss: 1.0875 - acc: 0.0000e+00 - val_loss: 215.2494 - val_acc: 0.0000e+00\n",
      "Epoch 167/50000\n",
      " - 0s - loss: 1.0742 - acc: 0.0000e+00 - val_loss: 214.2038 - val_acc: 0.0000e+00\n",
      "Epoch 168/50000\n",
      " - 0s - loss: 1.0611 - acc: 0.0000e+00 - val_loss: 213.1709 - val_acc: 0.0000e+00\n",
      "Epoch 169/50000\n",
      " - 0s - loss: 1.0482 - acc: 0.0000e+00 - val_loss: 212.1501 - val_acc: 0.0000e+00\n"
     ]
    },
    {
     "name": "stdout",
     "output_type": "stream",
     "text": [
      "Epoch 170/50000\n",
      " - 0s - loss: 1.0355 - acc: 0.0000e+00 - val_loss: 211.1436 - val_acc: 0.0000e+00\n",
      "Epoch 171/50000\n",
      " - 0s - loss: 1.0230 - acc: 0.0000e+00 - val_loss: 210.1454 - val_acc: 0.0000e+00\n",
      "Epoch 172/50000\n",
      " - 0s - loss: 1.0107 - acc: 0.0000e+00 - val_loss: 209.1578 - val_acc: 0.0000e+00\n",
      "Epoch 173/50000\n",
      " - 0s - loss: 0.9986 - acc: 0.0000e+00 - val_loss: 208.1828 - val_acc: 0.0000e+00\n",
      "Epoch 174/50000\n",
      " - 0s - loss: 0.9866 - acc: 0.0000e+00 - val_loss: 207.2172 - val_acc: 0.0000e+00\n",
      "Epoch 175/50000\n",
      " - 0s - loss: 0.9749 - acc: 0.0000e+00 - val_loss: 206.2582 - val_acc: 0.0000e+00\n",
      "Epoch 176/50000\n",
      " - 0s - loss: 0.9632 - acc: 0.0000e+00 - val_loss: 205.3104 - val_acc: 0.0000e+00\n",
      "Epoch 177/50000\n",
      " - 0s - loss: 0.9518 - acc: 0.0000e+00 - val_loss: 204.3682 - val_acc: 0.0000e+00\n",
      "Epoch 178/50000\n",
      " - 0s - loss: 0.9405 - acc: 0.0000e+00 - val_loss: 203.4338 - val_acc: 0.0000e+00\n",
      "Epoch 179/50000\n",
      " - 0s - loss: 0.9294 - acc: 0.0000e+00 - val_loss: 202.5070 - val_acc: 0.0000e+00\n",
      "Epoch 180/50000\n",
      " - 0s - loss: 0.9185 - acc: 0.0000e+00 - val_loss: 201.5870 - val_acc: 0.0000e+00\n",
      "Epoch 181/50000\n",
      " - 0s - loss: 0.9077 - acc: 0.0000e+00 - val_loss: 200.6760 - val_acc: 0.0000e+00\n",
      "Epoch 182/50000\n",
      " - 0s - loss: 0.8971 - acc: 0.0000e+00 - val_loss: 199.7689 - val_acc: 0.0000e+00\n",
      "Epoch 183/50000\n",
      " - 0s - loss: 0.8866 - acc: 0.0000e+00 - val_loss: 198.8678 - val_acc: 0.0000e+00\n",
      "Epoch 184/50000\n",
      " - 0s - loss: 0.8763 - acc: 0.0000e+00 - val_loss: 197.9722 - val_acc: 0.0000e+00\n",
      "Epoch 185/50000\n",
      " - 0s - loss: 0.8661 - acc: 0.0000e+00 - val_loss: 197.0820 - val_acc: 0.0000e+00\n",
      "Epoch 186/50000\n",
      " - 0s - loss: 0.8561 - acc: 0.0000e+00 - val_loss: 196.1966 - val_acc: 0.0000e+00\n",
      "Epoch 187/50000\n",
      " - 0s - loss: 0.8462 - acc: 0.0000e+00 - val_loss: 195.3161 - val_acc: 0.0000e+00\n",
      "Epoch 188/50000\n",
      " - 0s - loss: 0.8364 - acc: 0.0000e+00 - val_loss: 194.4398 - val_acc: 0.0000e+00\n",
      "Epoch 189/50000\n",
      " - 0s - loss: 0.8268 - acc: 0.0000e+00 - val_loss: 193.5677 - val_acc: 0.0000e+00\n",
      "Epoch 190/50000\n",
      " - 0s - loss: 0.8174 - acc: 0.0000e+00 - val_loss: 192.6996 - val_acc: 0.0000e+00\n",
      "Epoch 191/50000\n",
      " - 0s - loss: 0.8081 - acc: 0.0000e+00 - val_loss: 191.8349 - val_acc: 0.0000e+00\n",
      "Epoch 192/50000\n",
      " - 0s - loss: 0.7989 - acc: 0.0000e+00 - val_loss: 190.9757 - val_acc: 0.0000e+00\n",
      "Epoch 193/50000\n",
      " - 0s - loss: 0.7898 - acc: 0.0000e+00 - val_loss: 190.1178 - val_acc: 0.0000e+00\n",
      "Epoch 194/50000\n",
      " - 0s - loss: 0.7809 - acc: 0.0000e+00 - val_loss: 189.2627 - val_acc: 0.0000e+00\n",
      "Epoch 195/50000\n",
      " - 0s - loss: 0.7721 - acc: 0.0000e+00 - val_loss: 188.4105 - val_acc: 0.0000e+00\n",
      "Epoch 196/50000\n",
      " - 0s - loss: 0.7635 - acc: 0.0000e+00 - val_loss: 187.5606 - val_acc: 0.0000e+00\n",
      "Epoch 197/50000\n",
      " - 0s - loss: 0.7549 - acc: 0.0000e+00 - val_loss: 186.7134 - val_acc: 0.0000e+00\n",
      "Epoch 198/50000\n",
      " - 0s - loss: 0.7465 - acc: 0.0000e+00 - val_loss: 185.8682 - val_acc: 0.0000e+00\n",
      "Epoch 199/50000\n",
      " - 0s - loss: 0.7382 - acc: 0.0000e+00 - val_loss: 185.0252 - val_acc: 0.0000e+00\n",
      "Epoch 200/50000\n",
      " - 0s - loss: 0.7301 - acc: 0.0000e+00 - val_loss: 184.1840 - val_acc: 0.0000e+00\n",
      "Epoch 201/50000\n",
      " - 0s - loss: 0.7220 - acc: 0.0000e+00 - val_loss: 183.3445 - val_acc: 0.0000e+00\n",
      "Epoch 202/50000\n",
      " - 0s - loss: 0.7141 - acc: 0.0000e+00 - val_loss: 182.5086 - val_acc: 0.0000e+00\n",
      "Epoch 203/50000\n",
      " - 0s - loss: 0.7063 - acc: 0.0000e+00 - val_loss: 181.6723 - val_acc: 0.0000e+00\n",
      "Epoch 204/50000\n",
      " - 0s - loss: 0.6986 - acc: 0.0000e+00 - val_loss: 180.8392 - val_acc: 0.0000e+00\n",
      "Epoch 205/50000\n",
      " - 0s - loss: 0.6910 - acc: 0.0000e+00 - val_loss: 180.0054 - val_acc: 0.0000e+00\n",
      "Epoch 206/50000\n",
      " - 0s - loss: 0.6835 - acc: 0.0000e+00 - val_loss: 179.1729 - val_acc: 0.0000e+00\n",
      "Epoch 207/50000\n",
      " - 0s - loss: 0.6761 - acc: 0.0000e+00 - val_loss: 178.3413 - val_acc: 0.0000e+00\n",
      "Epoch 208/50000\n",
      " - 0s - loss: 0.6688 - acc: 0.0000e+00 - val_loss: 177.5107 - val_acc: 0.0000e+00\n",
      "Epoch 209/50000\n",
      " - 0s - loss: 0.6616 - acc: 0.0000e+00 - val_loss: 176.6809 - val_acc: 0.0000e+00\n",
      "Epoch 210/50000\n",
      " - 0s - loss: 0.6546 - acc: 0.0000e+00 - val_loss: 175.8520 - val_acc: 0.0000e+00\n",
      "Epoch 211/50000\n",
      " - 0s - loss: 0.6476 - acc: 0.0000e+00 - val_loss: 175.0237 - val_acc: 0.0000e+00\n",
      "Epoch 212/50000\n",
      " - 0s - loss: 0.6407 - acc: 0.0000e+00 - val_loss: 174.1960 - val_acc: 0.0000e+00\n",
      "Epoch 213/50000\n",
      " - 0s - loss: 0.6340 - acc: 0.0000e+00 - val_loss: 173.3690 - val_acc: 0.0000e+00\n",
      "Epoch 214/50000\n",
      " - 0s - loss: 0.6273 - acc: 0.0000e+00 - val_loss: 172.5442 - val_acc: 0.0000e+00\n",
      "Epoch 215/50000\n",
      " - 0s - loss: 0.6207 - acc: 0.0000e+00 - val_loss: 171.7181 - val_acc: 0.0000e+00\n",
      "Epoch 216/50000\n",
      " - 0s - loss: 0.6142 - acc: 0.0000e+00 - val_loss: 170.8925 - val_acc: 0.0000e+00\n",
      "Epoch 217/50000\n",
      " - 0s - loss: 0.6078 - acc: 0.0000e+00 - val_loss: 170.0673 - val_acc: 0.0000e+00\n",
      "Epoch 218/50000\n",
      " - 0s - loss: 0.6015 - acc: 0.0000e+00 - val_loss: 169.2424 - val_acc: 0.0000e+00\n",
      "Epoch 219/50000\n",
      " - 0s - loss: 0.5953 - acc: 0.0000e+00 - val_loss: 168.4196 - val_acc: 0.0000e+00\n",
      "Epoch 220/50000\n",
      " - 0s - loss: 0.5892 - acc: 0.0000e+00 - val_loss: 167.5969 - val_acc: 0.0000e+00\n",
